# Created by Octave 10.2.0, Sun Jan 18 02:08:12 2026 EET <andrii@MuffinPC>
# name: Rsw
# type: global scalar
200000


# name: fsw
# type: matrix
# rows: 1
# columns: 51
 739793.49193096708 740964.92418154643 742107.3788148961 743221.9179197927 744309.55230786209 745371.24457121233 746407.9119238659 747420.42884460487 748409.62953723292 749376.31022282131 750321.23127714009 751245.11922538327 752148.66860513063 753032.54370764142 753897.38020660414 754743.78668276826 755572.34605213488 756383.61690473952 757178.13476049888 757956.41324805655 758718.94521206233 759466.2037539325 760198.64321068279 760916.70007609203 761620.79386814276 762311.32794633287 762988.69028222677 763653.25418631511 764305.37899408094 764945.41071387217 765573.68263908511 766190.51592690044 766796.22014569165 767391.09379307297 767975.42478640715 768549.49092745653 769113.56034276308 769667.89190122392 770212.73561021488 770748.33299156453 771274.91743852629 771792.71455489856 772301.94247729587 772802.81218156114 773295.5277741981 773780.28676970315 774257.28035455686 774726.69363863335 775188.70589471923 775643.49078678968 776091.21658765571


# name: fsw0
# type: scalar
700000


# name: k
# type: scalar
51


# name: vin
# type: double_range
# base, limit, increment
7 12 0.10000000000000001


